0 0.017090 0.247396 0.026367 0.043403
0 0.430176 0.186632 0.041992 0.046875
0 0.761719 0.196181 0.052734 0.041667
0 0.912598 0.199653 0.053711 0.041667
0 0.962891 0.202257 0.044922 0.046875
0 0.346680 0.247396 0.033203 0.050347
0 0.379883 0.246528 0.035156 0.048611
0 0.407227 0.243924 0.031250 0.046875
0 0.475586 0.249132 0.033203 0.046875
0 0.565918 0.247396 0.038086 0.050347
0 0.596680 0.247396 0.039062 0.050347
0 0.691895 0.247396 0.038086 0.050347
0 0.728516 0.250000 0.042969 0.048611
0 0.911621 0.256076 0.041992 0.046875
0 0.296387 0.405382 0.049805 0.078125
0 0.331055 0.405382 0.052734 0.078125
0 0.369141 0.414931 0.050781 0.076389
0 0.423340 0.406250 0.051758 0.076389
0 0.727051 0.419271 0.038086 0.074653
0 0.857422 0.417535 0.046875 0.071181
0 0.902344 0.417535 0.035156 0.071181
0 0.975098 0.420139 0.034180 0.065972
0 0.017090 0.404514 0.032227 0.065972
0 0.438965 0.655382 0.053711 0.109375
0 0.395020 0.655382 0.053711 0.109375
0 0.353516 0.656250 0.050781 0.093750
0 0.306641 0.655382 0.050781 0.123264
0 0.256348 0.656250 0.045898 0.093750
0 0.121094 0.654514 0.039062 0.093750
0 0.074219 0.651910 0.048828 0.105903
0 0.028809 0.651042 0.038086 0.097222
0 0.004395 0.648438 0.006836 0.085069
0 0.091309 0.730903 0.071289 0.072917
0 0.218262 0.727431 0.077148 0.072917
0 0.845215 0.668403 0.057617 0.097222
0 0.888184 0.667535 0.071289 0.105903
0 0.937012 0.670139 0.075195 0.097222
0 0.805176 0.796007 0.077148 0.078125
0 0.988770 0.983507 0.022461 0.029514
0 0.898926 0.979167 0.047852 0.041667
0 0.848633 0.968750 0.048828 0.062500
0 0.801758 0.980903 0.041016 0.038194
0 0.750000 0.977431 0.046875 0.045139
0 0.699219 0.981771 0.039062 0.036458
0 0.648926 0.968750 0.043945 0.048611
0 0.260254 0.952257 0.083008 0.078125
0 0.119141 0.960938 0.097656 0.078125
0 0.028809 0.953125 0.055664 0.093750
0 0.020020 0.871528 0.038086 0.072917
0 0.065430 0.871528 0.058594 0.072917
0 0.148438 0.873264 0.091797 0.076389
0 0.331055 0.875000 0.076172 0.093750
0 0.988770 0.249132 0.022461 0.046875
0 0.143555 0.408854 0.050781 0.067708
0 0.098145 0.410590 0.057617 0.078125
0 0.852051 0.254340 0.051758 0.053819
0 0.187012 0.407986 0.051758 0.072917
0 0.508301 0.410590 0.051758 0.078125
0 0.763184 0.409722 0.041992 0.069444
0 0.787598 0.249132 0.041992 0.050347
0 0.504395 0.249132 0.040039 0.050347
0 0.489258 0.186632 0.050781 0.046875
0 0.019043 0.723090 0.036133 0.078125
0 0.417969 0.888021 0.085938 0.078125
0 0.557129 0.328125 0.053711 0.048611
0 0.119629 0.297743 0.059570 0.050347
0 0.991211 0.332465 0.017578 0.046875
0 0.649414 0.190972 0.044922 0.041667
0 0.660645 0.250868 0.040039 0.053819
0 0.822266 0.209201 0.039062 0.043403
0 0.851562 0.197049 0.042969 0.043403
0 0.796387 0.325521 0.071289 0.064236
0 0.970215 0.259549 0.051758 0.053819
0 0.754883 0.247396 0.041016 0.050347
0 0.314941 0.249132 0.032227 0.050347
0 0.037598 0.032986 0.022461 0.031250
0 0.026367 0.196181 0.050781 0.041667
0 0.012695 0.293403 0.023438 0.045139
0 0.251465 0.328993 0.067383 0.046875
0 0.348633 0.295139 0.052734 0.048611
0 0.438477 0.327257 0.066406 0.050347
0 0.596191 0.294271 0.051758 0.050347
0 0.536133 0.247396 0.037109 0.053819
0 0.438965 0.248264 0.038086 0.059028
0 0.747559 0.299479 0.055664 0.046875
0 0.957520 0.362847 0.065430 0.052083
0 0.811035 0.415799 0.055664 0.081597
0 0.691406 0.416667 0.048828 0.069444
0 0.637695 0.417535 0.056641 0.085069
0 0.588867 0.420139 0.052734 0.072917
0 0.467773 0.412326 0.041016 0.060764
0 0.236816 0.410590 0.071289 0.078125
0 0.058594 0.407118 0.062500 0.074653
0 0.011719 0.465278 0.021484 0.052083
0 0.203613 0.480903 0.063477 0.059028
0 0.454590 0.474826 0.075195 0.060764
0 0.692383 0.477431 0.070312 0.062500
0 0.992188 0.530382 0.015625 0.064236
0 0.884277 0.796875 0.084961 0.076389
0 0.968750 0.803819 0.062500 0.072917
0 0.949219 0.981771 0.042969 0.036458
0 0.208984 0.657986 0.039062 0.083333
0 0.242676 0.877604 0.088867 0.074653
0 0.802246 0.671007 0.067383 0.102431
0 0.882324 0.296007 0.028320 0.036458
