0 0.017090 0.247396 0.026367 0.043403
0 0.430176 0.186632 0.041992 0.046875
0 0.761719 0.196181 0.052734 0.041667
0 0.912598 0.199653 0.053711 0.041667
0 0.962891 0.202257 0.044922 0.046875
0 0.346680 0.247396 0.033203 0.050347
0 0.379883 0.246528 0.035156 0.048611
0 0.407227 0.243924 0.031250 0.046875
0 0.475586 0.249132 0.033203 0.046875
0 0.565918 0.247396 0.038086 0.050347
0 0.596680 0.247396 0.039062 0.050347
0 0.691895 0.247396 0.038086 0.050347
0 0.728516 0.249132 0.042969 0.046875
0 0.910645 0.251736 0.041992 0.048611
0 0.296387 0.405382 0.049805 0.078125
0 0.331055 0.405382 0.052734 0.078125
0 0.369141 0.414931 0.050781 0.076389
0 0.423340 0.407986 0.051758 0.072917
0 0.727051 0.419271 0.038086 0.074653
0 0.857422 0.417535 0.046875 0.071181
0 0.902344 0.417535 0.035156 0.071181
0 0.975098 0.420139 0.034180 0.065972
0 0.017090 0.404514 0.032227 0.065972
0 0.438965 0.655382 0.053711 0.109375
0 0.395020 0.655382 0.053711 0.109375
0 0.353516 0.656250 0.050781 0.093750
0 0.306641 0.655382 0.050781 0.123264
0 0.256348 0.656250 0.045898 0.093750
0 0.121094 0.654514 0.039062 0.093750
0 0.074219 0.651910 0.048828 0.105903
0 0.028809 0.651042 0.038086 0.097222
0 0.004395 0.648438 0.006836 0.085069
0 0.091309 0.730903 0.071289 0.072917
0 0.218262 0.727431 0.077148 0.072917
0 0.845215 0.668403 0.057617 0.097222
0 0.888184 0.667535 0.071289 0.105903
0 0.937012 0.670139 0.075195 0.097222
0 0.805176 0.796007 0.077148 0.078125
0 0.988770 0.983507 0.022461 0.029514
0 0.898926 0.979167 0.047852 0.041667
0 0.848633 0.968750 0.048828 0.062500
0 0.801758 0.980903 0.041016 0.038194
0 0.750000 0.977431 0.046875 0.045139
0 0.699219 0.981771 0.039062 0.036458
0 0.648926 0.972222 0.043945 0.048611
0 0.260254 0.952257 0.083008 0.078125
0 0.119141 0.960938 0.097656 0.078125
0 0.028809 0.953125 0.055664 0.093750
0 0.020020 0.871528 0.038086 0.072917
0 0.065430 0.871528 0.058594 0.072917
0 0.148438 0.873264 0.091797 0.076389
0 0.331055 0.875000 0.076172 0.093750
0 0.988770 0.249132 0.022461 0.046875
0 0.187012 0.405382 0.053711 0.078125
0 0.098145 0.405382 0.057617 0.078125
0 0.708008 0.575521 0.076172 0.060764
0 0.488770 0.188368 0.051758 0.050347
0 0.787598 0.252604 0.047852 0.053819
0 0.852539 0.256944 0.050781 0.059028
0 0.505371 0.251736 0.038086 0.055556
0 0.537109 0.249132 0.035156 0.053819
0 0.662109 0.250000 0.041016 0.055556
0 0.540527 0.321181 0.073242 0.062500
0 0.037598 0.350694 0.063477 0.062500
0 0.192871 0.465278 0.075195 0.059028
0 0.090332 0.513021 0.073242 0.057292
0 0.273926 0.519965 0.081055 0.060764
0 0.314453 0.470486 0.078125 0.055556
0 0.386230 0.531250 0.067383 0.065972
0 0.512207 0.472222 0.065430 0.059028
0 0.507324 0.415799 0.049805 0.067708
0 0.691406 0.421007 0.044922 0.067708
0 0.765137 0.412326 0.040039 0.060764
0 0.811035 0.415799 0.049805 0.081597
0 0.826660 0.479167 0.063477 0.055556
0 0.785156 0.518229 0.072266 0.064236
0 0.843262 0.579861 0.081055 0.069444
0 0.949707 0.580729 0.079102 0.071181
0 0.961914 0.530382 0.076172 0.064236
0 0.961426 0.477431 0.067383 0.065972
0 0.603516 0.567708 0.080078 0.072917
0 0.622070 0.476562 0.046875 0.060764
0 0.622559 0.512153 0.032227 0.045139
0 0.521973 0.533854 0.047852 0.064236
0 0.208984 0.660590 0.041016 0.092014
0 0.059082 0.409722 0.063477 0.079861
0 0.416504 0.891493 0.083008 0.078125
0 0.020996 0.725694 0.040039 0.076389
