0 0.017090 0.247396 0.026367 0.043403
0 0.430176 0.186632 0.041992 0.046875
0 0.761719 0.196181 0.052734 0.041667
0 0.912598 0.199653 0.053711 0.041667
0 0.962891 0.202257 0.044922 0.046875
0 0.346680 0.247396 0.033203 0.050347
0 0.379883 0.246528 0.035156 0.048611
0 0.407227 0.243924 0.031250 0.046875
0 0.475586 0.249132 0.033203 0.046875
0 0.565918 0.247396 0.038086 0.050347
0 0.596680 0.247396 0.039062 0.050347
0 0.691895 0.247396 0.038086 0.050347
0 0.728516 0.250000 0.042969 0.048611
0 0.910645 0.249132 0.041992 0.046875
0 0.296387 0.405382 0.049805 0.078125
0 0.331055 0.405382 0.052734 0.078125
0 0.369141 0.414931 0.050781 0.076389
0 0.423340 0.406250 0.051758 0.076389
0 0.727051 0.419271 0.038086 0.074653
0 0.857422 0.417535 0.046875 0.071181
0 0.902344 0.417535 0.035156 0.071181
0 0.975098 0.420139 0.034180 0.065972
0 0.017090 0.404514 0.032227 0.065972
0 0.438965 0.655382 0.053711 0.109375
0 0.395020 0.655382 0.053711 0.109375
0 0.353516 0.656250 0.050781 0.093750
0 0.306641 0.655382 0.050781 0.123264
0 0.256348 0.656250 0.045898 0.093750
0 0.121094 0.654514 0.039062 0.093750
0 0.074219 0.651910 0.048828 0.105903
0 0.028809 0.651042 0.038086 0.097222
0 0.004395 0.648438 0.006836 0.085069
0 0.091309 0.730903 0.071289 0.072917
0 0.218262 0.727431 0.077148 0.072917
0 0.845215 0.668403 0.057617 0.097222
0 0.888184 0.667535 0.071289 0.105903
0 0.937012 0.670139 0.075195 0.097222
0 0.805176 0.796007 0.077148 0.078125
0 0.988770 0.983507 0.022461 0.029514
0 0.898926 0.979167 0.047852 0.041667
0 0.847656 0.971354 0.046875 0.057292
0 0.801758 0.980903 0.041016 0.038194
0 0.750000 0.977431 0.046875 0.045139
0 0.699219 0.981771 0.039062 0.036458
0 0.646973 0.975694 0.043945 0.048611
0 0.260254 0.952257 0.083008 0.078125
0 0.119141 0.960938 0.097656 0.078125
0 0.028809 0.953125 0.055664 0.093750
0 0.020020 0.871528 0.038086 0.072917
0 0.065430 0.871528 0.058594 0.072917
0 0.148438 0.873264 0.091797 0.076389
0 0.331055 0.875000 0.076172 0.093750
0 0.988770 0.249132 0.022461 0.046875
0 0.143555 0.408854 0.050781 0.067708
0 0.098145 0.410590 0.057617 0.078125
0 0.852051 0.254340 0.051758 0.053819
0 0.187012 0.407986 0.051758 0.072917
0 0.508301 0.410590 0.051758 0.078125
0 0.763184 0.409722 0.041992 0.069444
0 0.787598 0.249132 0.041992 0.050347
0 0.504395 0.249132 0.040039 0.050347
0 0.489258 0.186632 0.050781 0.046875
0 0.019043 0.723090 0.036133 0.078125
0 0.417969 0.888021 0.085938 0.078125
0 0.890137 0.329861 0.057617 0.045139
0 0.231445 0.325521 0.062500 0.057292
0 0.947266 0.301215 0.060547 0.053819
0 0.790527 0.511285 0.104492 0.085069
0 0.964844 0.476562 0.066406 0.060764
0 0.990723 0.525174 0.018555 0.050347
0 0.979492 0.582465 0.041016 0.067708
0 0.913086 0.580729 0.072266 0.064236
0 0.920898 0.519097 0.083984 0.072917
0 0.888184 0.477431 0.067383 0.062500
0 0.799805 0.469618 0.068359 0.060764
0 0.829102 0.573785 0.078125 0.067708
0 0.743164 0.575521 0.060547 0.064236
0 0.677734 0.473958 0.070312 0.055556
0 0.691406 0.519097 0.064453 0.065972
0 0.661133 0.572917 0.074219 0.069444
0 0.690918 0.418403 0.047852 0.069444
0 0.638672 0.416667 0.056641 0.086806
0 0.584473 0.475694 0.067383 0.059028
0 0.594238 0.523438 0.069336 0.057292
0 0.574219 0.578125 0.070312 0.059028
0 0.479980 0.576389 0.075195 0.065972
0 0.387207 0.565972 0.077148 0.062500
0 0.291504 0.568576 0.073242 0.060764
0 0.202148 0.566840 0.082031 0.064236
0 0.097656 0.568576 0.076172 0.057292
0 0.129395 0.491319 0.256836 0.125000
0 0.028809 0.460069 0.055664 0.055556
0 0.108887 0.466146 0.075195 0.057292
0 0.187012 0.461806 0.047852 0.052083
0 0.285156 0.467014 0.068359 0.059028
0 0.372070 0.470486 0.066406 0.059028
0 0.321289 0.513021 0.068359 0.064236
0 0.415527 0.516493 0.073242 0.057292
0 0.479492 0.472222 0.076172 0.069444
0 0.517578 0.521701 0.066406 0.060764
0 0.210449 0.654514 0.040039 0.083333
