0 0.017090 0.247396 0.026367 0.043403
0 0.430176 0.186632 0.041992 0.046875
0 0.761719 0.196181 0.052734 0.041667
0 0.818848 0.210938 0.041992 0.039931
0 0.912598 0.199653 0.053711 0.041667
0 0.962891 0.202257 0.044922 0.046875
0 0.346680 0.247396 0.033203 0.050347
0 0.379883 0.246528 0.035156 0.048611
0 0.407227 0.243924 0.031250 0.046875
0 0.438965 0.246528 0.040039 0.059028
0 0.475586 0.249132 0.033203 0.046875
0 0.506348 0.248264 0.040039 0.059028
0 0.565918 0.247396 0.038086 0.050347
0 0.596680 0.247396 0.039062 0.050347
0 0.659668 0.248264 0.040039 0.048611
0 0.691895 0.247396 0.038086 0.050347
0 0.728516 0.249132 0.042969 0.046875
0 0.786133 0.248264 0.042969 0.048611
0 0.853516 0.258681 0.048828 0.052083
0 0.910645 0.253472 0.041992 0.048611
0 0.060547 0.405382 0.064453 0.078125
0 0.235840 0.406250 0.069336 0.076389
0 0.296387 0.405382 0.049805 0.078125
0 0.331055 0.405382 0.052734 0.078125
0 0.369141 0.414931 0.050781 0.076389
0 0.423340 0.409722 0.051758 0.072917
0 0.468262 0.410590 0.036133 0.060764
0 0.508301 0.416667 0.047852 0.065972
0 0.587891 0.419271 0.048828 0.074653
0 0.638184 0.415799 0.051758 0.081597
0 0.690430 0.419271 0.042969 0.064236
0 0.727051 0.419271 0.038086 0.074653
0 0.765137 0.408854 0.041992 0.064236
0 0.812012 0.416667 0.049805 0.079861
0 0.857422 0.417535 0.046875 0.071181
0 0.902344 0.417535 0.035156 0.071181
0 0.975098 0.420139 0.034180 0.065972
0 0.017090 0.404514 0.032227 0.065972
0 0.438965 0.655382 0.053711 0.109375
0 0.395020 0.655382 0.053711 0.109375
0 0.353516 0.656250 0.050781 0.093750
0 0.306641 0.655382 0.050781 0.123264
0 0.256348 0.656250 0.045898 0.093750
0 0.209473 0.656250 0.038086 0.093750
0 0.121094 0.654514 0.039062 0.093750
0 0.074219 0.651910 0.048828 0.105903
0 0.028809 0.651042 0.038086 0.097222
0 0.004395 0.648438 0.006836 0.085069
0 0.020020 0.717882 0.038086 0.078125
0 0.091309 0.730903 0.071289 0.072917
0 0.218262 0.727431 0.077148 0.072917
0 0.845215 0.668403 0.057617 0.097222
0 0.888184 0.667535 0.071289 0.105903
0 0.805176 0.796007 0.077148 0.078125
0 0.988770 0.983507 0.022461 0.029514
0 0.898926 0.979167 0.047852 0.041667
0 0.848633 0.968750 0.048828 0.062500
0 0.801758 0.980903 0.041016 0.038194
0 0.750000 0.977431 0.046875 0.045139
0 0.699219 0.981771 0.039062 0.036458
0 0.648926 0.973958 0.043945 0.048611
0 0.260254 0.952257 0.083008 0.078125
0 0.119141 0.960938 0.097656 0.078125
0 0.028809 0.953125 0.055664 0.093750
0 0.020020 0.871528 0.038086 0.072917
0 0.065430 0.871528 0.058594 0.072917
0 0.148438 0.873264 0.091797 0.076389
0 0.331055 0.875000 0.076172 0.093750
0 0.419434 0.889757 0.083008 0.078125
0 0.489258 0.186632 0.048828 0.046875
0 0.988770 0.249132 0.022461 0.046875
0 0.025879 0.190972 0.049805 0.041667
0 0.968262 0.258681 0.051758 0.055556
0 0.537598 0.250000 0.036133 0.062500
0 0.244141 0.874132 0.087891 0.078125
0 0.143555 0.407118 0.052734 0.064236
0 0.098145 0.406250 0.057617 0.076389
0 0.080566 0.235243 0.032227 0.050347
0 0.135742 0.032986 0.029297 0.038194
0 0.034180 0.035590 0.027344 0.036458
0 0.646973 0.192708 0.043945 0.041667
0 0.704590 0.195312 0.045898 0.039931
0 0.850098 0.197049 0.043945 0.036458
0 0.634766 0.248264 0.046875 0.069444
0 0.314941 0.246528 0.034180 0.055556
0 0.148926 0.326389 0.059570 0.048611
0 0.135254 0.357639 0.043945 0.048611
0 0.412598 0.324653 0.061523 0.045139
0 0.604492 0.296875 0.058594 0.055556
0 0.740234 0.296875 0.058594 0.048611
0 0.808105 0.321181 0.071289 0.065972
0 0.014160 0.469618 0.026367 0.060764
0 0.122070 0.470486 0.072266 0.055556
0 0.356445 0.469618 0.076172 0.071181
0 0.625977 0.479167 0.064453 0.062500
0 0.700684 0.529514 0.065430 0.059028
0 0.563965 0.524306 0.069336 0.062500
0 0.315430 0.519965 0.078125 0.064236
0 0.033691 0.564236 0.065430 0.065972
0 0.166016 0.653646 0.041016 0.102431
0 0.802246 0.668403 0.069336 0.104167
0 0.884277 0.799479 0.084961 0.071181
0 0.969238 0.801215 0.061523 0.074653
0 0.949219 0.981771 0.042969 0.036458
