0 0.017090 0.247396 0.026367 0.043403
0 0.430176 0.186632 0.041992 0.046875
0 0.761719 0.196181 0.052734 0.041667
0 0.912598 0.199653 0.053711 0.041667
0 0.962891 0.202257 0.044922 0.046875
0 0.346680 0.247396 0.033203 0.050347
0 0.379883 0.246528 0.035156 0.048611
0 0.407227 0.243924 0.031250 0.046875
0 0.475586 0.249132 0.033203 0.046875
0 0.565918 0.247396 0.038086 0.050347
0 0.596680 0.247396 0.039062 0.050347
0 0.691895 0.247396 0.038086 0.050347
0 0.728516 0.250000 0.042969 0.048611
0 0.910645 0.249132 0.041992 0.046875
0 0.296387 0.405382 0.049805 0.078125
0 0.331055 0.405382 0.052734 0.078125
0 0.369141 0.414931 0.050781 0.076389
0 0.423340 0.406250 0.051758 0.076389
0 0.727051 0.419271 0.038086 0.074653
0 0.857422 0.417535 0.046875 0.071181
0 0.902344 0.417535 0.035156 0.071181
0 0.975098 0.420139 0.034180 0.065972
0 0.017090 0.404514 0.032227 0.065972
0 0.438965 0.655382 0.053711 0.109375
0 0.395020 0.655382 0.053711 0.109375
0 0.353516 0.656250 0.050781 0.093750
0 0.306641 0.655382 0.050781 0.123264
0 0.256348 0.656250 0.045898 0.093750
0 0.121094 0.654514 0.039062 0.093750
0 0.074219 0.651910 0.048828 0.105903
0 0.028809 0.651042 0.038086 0.097222
0 0.004395 0.648438 0.006836 0.085069
0 0.091309 0.730903 0.071289 0.072917
0 0.218262 0.727431 0.077148 0.072917
0 0.845215 0.668403 0.057617 0.097222
0 0.888184 0.667535 0.071289 0.105903
0 0.937012 0.670139 0.075195 0.097222
0 0.805176 0.796007 0.077148 0.078125
0 0.988770 0.983507 0.022461 0.029514
0 0.898926 0.979167 0.047852 0.041667
0 0.847168 0.973090 0.045898 0.053819
0 0.801758 0.980903 0.041016 0.038194
0 0.750000 0.977431 0.046875 0.045139
0 0.699219 0.981771 0.039062 0.036458
0 0.648926 0.973958 0.043945 0.048611
0 0.260254 0.952257 0.083008 0.078125
0 0.119141 0.960938 0.097656 0.078125
0 0.028809 0.953125 0.055664 0.093750
0 0.020020 0.871528 0.038086 0.072917
0 0.065430 0.871528 0.058594 0.072917
0 0.148438 0.873264 0.091797 0.076389
0 0.331055 0.875000 0.076172 0.093750
0 0.988770 0.249132 0.022461 0.046875
0 0.143555 0.408854 0.050781 0.067708
0 0.098145 0.410590 0.057617 0.078125
0 0.852051 0.254340 0.051758 0.053819
0 0.187988 0.406250 0.053711 0.076389
0 0.508301 0.410590 0.051758 0.078125
0 0.763184 0.409722 0.041992 0.069444
0 0.787598 0.249132 0.041992 0.050347
0 0.504395 0.249132 0.040039 0.050347
0 0.489258 0.186632 0.050781 0.046875
0 0.019043 0.723090 0.036133 0.078125
0 0.417969 0.888021 0.085938 0.078125
0 0.509766 0.473090 0.062500 0.057292
0 0.661133 0.250868 0.041016 0.057292
0 0.508789 0.515625 0.066406 0.065972
0 0.821777 0.210938 0.041992 0.043403
0 0.637695 0.416667 0.058594 0.086806
0 0.689941 0.417535 0.049805 0.067708
0 0.811523 0.414931 0.054688 0.086806
0 0.027344 0.466146 0.052734 0.064236
0 0.148438 0.467014 0.082031 0.069444
0 0.075684 0.519097 0.079102 0.059028
0 0.040527 0.567708 0.079102 0.062500
0 0.167480 0.565104 0.065430 0.067708
0 0.261719 0.466146 0.060547 0.053819
0 0.277344 0.519097 0.066406 0.059028
0 0.277832 0.568576 0.077148 0.067708
0 0.368652 0.473958 0.065430 0.055556
0 0.402832 0.526042 0.061523 0.059028
0 0.421387 0.572917 0.061523 0.065972
0 0.604492 0.471354 0.048828 0.057292
0 0.665527 0.517361 0.075195 0.055556
0 0.614258 0.579861 0.080078 0.065972
0 0.719727 0.473090 0.072266 0.050347
0 0.761719 0.572917 0.076172 0.069444
0 0.813477 0.526042 0.070312 0.059028
0 0.883301 0.473958 0.067383 0.055556
0 0.905762 0.568576 0.083008 0.081597
0 0.963379 0.525174 0.073242 0.071181
0 0.971680 0.478299 0.056641 0.064236
0 0.242188 0.875868 0.089844 0.081597
0 0.209961 0.657986 0.037109 0.083333
0 0.440430 0.245660 0.039062 0.057292
0 0.538086 0.247396 0.037109 0.050347
