0 0.017090 0.247396 0.026367 0.043403
0 0.430176 0.186632 0.041992 0.046875
0 0.761719 0.196181 0.052734 0.041667
0 0.912598 0.199653 0.053711 0.041667
0 0.962891 0.202257 0.044922 0.046875
0 0.346680 0.247396 0.033203 0.050347
0 0.379883 0.246528 0.035156 0.048611
0 0.407227 0.243924 0.031250 0.046875
0 0.475586 0.249132 0.033203 0.046875
0 0.565918 0.247396 0.038086 0.050347
0 0.596680 0.247396 0.039062 0.050347
0 0.691895 0.247396 0.038086 0.050347
0 0.728516 0.249132 0.042969 0.046875
0 0.910645 0.251736 0.041992 0.048611
0 0.296387 0.405382 0.049805 0.078125
0 0.331055 0.405382 0.052734 0.078125
0 0.369141 0.414931 0.050781 0.076389
0 0.423340 0.407986 0.051758 0.072917
0 0.727051 0.419271 0.038086 0.074653
0 0.857422 0.417535 0.046875 0.071181
0 0.902344 0.417535 0.035156 0.071181
0 0.975098 0.420139 0.034180 0.065972
0 0.017090 0.404514 0.032227 0.065972
0 0.438965 0.655382 0.053711 0.109375
0 0.395020 0.655382 0.053711 0.109375
0 0.353516 0.656250 0.050781 0.093750
0 0.306641 0.655382 0.050781 0.123264
0 0.256348 0.656250 0.045898 0.093750
0 0.121094 0.654514 0.039062 0.093750
0 0.074219 0.651910 0.048828 0.105903
0 0.028809 0.651042 0.038086 0.097222
0 0.004395 0.648438 0.006836 0.085069
0 0.091309 0.730903 0.071289 0.072917
0 0.218262 0.727431 0.077148 0.072917
0 0.845215 0.668403 0.057617 0.097222
0 0.888184 0.667535 0.071289 0.105903
0 0.937012 0.670139 0.075195 0.097222
0 0.805176 0.796007 0.077148 0.078125
0 0.988770 0.983507 0.022461 0.029514
0 0.898926 0.979167 0.047852 0.041667
0 0.848633 0.968750 0.048828 0.062500
0 0.801758 0.980903 0.041016 0.038194
0 0.750000 0.977431 0.046875 0.045139
0 0.699219 0.981771 0.039062 0.036458
0 0.648926 0.972222 0.043945 0.048611
0 0.260254 0.952257 0.083008 0.078125
0 0.119141 0.960938 0.097656 0.078125
0 0.028809 0.953125 0.055664 0.093750
0 0.020020 0.871528 0.038086 0.072917
0 0.065430 0.871528 0.058594 0.072917
0 0.148438 0.873264 0.091797 0.076389
0 0.331055 0.875000 0.076172 0.093750
0 0.988770 0.249132 0.022461 0.046875
0 0.187012 0.405382 0.053711 0.078125
0 0.098145 0.405382 0.057617 0.078125
0 0.800781 0.667535 0.070312 0.109375
0 0.058105 0.406250 0.057617 0.079861
0 0.145508 0.413194 0.052734 0.069444
0 0.237305 0.411458 0.070312 0.079861
0 0.466797 0.411458 0.041016 0.062500
0 0.508301 0.415799 0.051758 0.074653
0 0.588867 0.421007 0.048828 0.071181
0 0.639160 0.417535 0.055664 0.085069
0 0.689941 0.419271 0.045898 0.078125
0 0.765625 0.413194 0.042969 0.065972
0 0.810547 0.414931 0.052734 0.086806
0 0.882812 0.798611 0.082031 0.076389
0 0.209473 0.656250 0.040039 0.086806
0 0.020020 0.729167 0.038086 0.072917
0 0.203613 0.518229 0.071289 0.057292
0 0.026855 0.195312 0.051758 0.046875
0 0.489746 0.187500 0.049805 0.041667
0 0.819824 0.210069 0.043945 0.048611
0 0.853516 0.258681 0.052734 0.055556
0 0.755859 0.247396 0.042969 0.053819
0 0.787598 0.250868 0.043945 0.053819
0 0.970215 0.257812 0.053711 0.057292
0 0.660645 0.251736 0.041992 0.055556
0 0.537109 0.249132 0.039062 0.053819
0 0.506348 0.249132 0.040039 0.060764
0 0.439453 0.245660 0.041016 0.060764
0 0.949219 0.982639 0.044922 0.034722
0 0.416504 0.889757 0.084961 0.078125
0 0.243652 0.878472 0.086914 0.079861
