0 0.017090 0.247396 0.026367 0.043403
0 0.430176 0.186632 0.041992 0.046875
0 0.761719 0.196181 0.052734 0.041667
0 0.912598 0.199653 0.053711 0.041667
0 0.962891 0.202257 0.044922 0.046875
0 0.346680 0.247396 0.033203 0.050347
0 0.379883 0.246528 0.035156 0.048611
0 0.407227 0.243924 0.031250 0.046875
0 0.475586 0.249132 0.033203 0.046875
0 0.565918 0.247396 0.038086 0.050347
0 0.596680 0.247396 0.039062 0.050347
0 0.691895 0.247396 0.038086 0.050347
0 0.728516 0.249132 0.042969 0.046875
0 0.910645 0.250000 0.041992 0.048611
0 0.296387 0.405382 0.049805 0.078125
0 0.331055 0.405382 0.052734 0.078125
0 0.369141 0.414931 0.050781 0.076389
0 0.423340 0.407118 0.051758 0.074653
0 0.727051 0.419271 0.038086 0.074653
0 0.857422 0.417535 0.046875 0.071181
0 0.902344 0.417535 0.035156 0.071181
0 0.975098 0.420139 0.034180 0.065972
0 0.017090 0.404514 0.032227 0.065972
0 0.438965 0.655382 0.053711 0.109375
0 0.395020 0.655382 0.053711 0.109375
0 0.353516 0.656250 0.050781 0.093750
0 0.306641 0.655382 0.050781 0.123264
0 0.256348 0.656250 0.045898 0.093750
0 0.121094 0.654514 0.039062 0.093750
0 0.074219 0.651910 0.048828 0.105903
0 0.028809 0.651042 0.038086 0.097222
0 0.004395 0.648438 0.006836 0.085069
0 0.091309 0.730903 0.071289 0.072917
0 0.218262 0.727431 0.077148 0.072917
0 0.845215 0.668403 0.057617 0.097222
0 0.888184 0.667535 0.071289 0.105903
0 0.937012 0.670139 0.075195 0.097222
0 0.805176 0.796007 0.077148 0.078125
0 0.988770 0.983507 0.022461 0.029514
0 0.898926 0.979167 0.047852 0.041667
0 0.847168 0.970486 0.045898 0.059028
0 0.801758 0.980903 0.041016 0.038194
0 0.750000 0.977431 0.046875 0.045139
0 0.699219 0.981771 0.039062 0.036458
0 0.647949 0.975694 0.043945 0.048611
0 0.260254 0.952257 0.083008 0.078125
0 0.119141 0.960938 0.097656 0.078125
0 0.028809 0.953125 0.055664 0.093750
0 0.020020 0.871528 0.038086 0.072917
0 0.065430 0.871528 0.058594 0.072917
0 0.148438 0.873264 0.091797 0.076389
0 0.331055 0.875000 0.076172 0.093750
0 0.988770 0.249132 0.022461 0.046875
0 0.143555 0.410590 0.050781 0.067708
0 0.098145 0.412326 0.057617 0.078125
0 0.852051 0.256076 0.051758 0.053819
0 0.058594 0.407118 0.060547 0.074653
0 0.237305 0.408854 0.068359 0.078125
0 0.522461 0.324653 0.060547 0.052083
0 0.343262 0.337674 0.057617 0.046875
0 0.141113 0.172743 0.043945 0.046875
0 0.024414 0.191840 0.046875 0.043403
0 0.186035 0.323785 0.047852 0.039931
0 0.151855 0.354167 0.053711 0.052083
0 0.466797 0.409722 0.041016 0.062500
0 0.508301 0.412326 0.051758 0.078125
0 0.397949 0.469618 0.073242 0.064236
0 0.638184 0.414931 0.055664 0.086806
0 0.690430 0.417535 0.046875 0.071181
0 0.763672 0.411458 0.041016 0.069444
0 0.810547 0.415799 0.048828 0.081597
0 0.787598 0.250000 0.041992 0.052083
0 0.754395 0.247396 0.040039 0.050347
0 0.817383 0.519097 0.074219 0.065972
0 0.969727 0.258681 0.052734 0.052083
0 0.661133 0.248264 0.037109 0.052083
0 0.707031 0.320312 0.068359 0.067708
0 0.535645 0.248264 0.038086 0.052083
0 0.504883 0.249132 0.041016 0.050347
0 0.437012 0.248264 0.040039 0.059028
0 0.100098 0.296875 0.053711 0.048611
0 0.489258 0.188368 0.050781 0.046875
0 0.569824 0.351562 0.067383 0.060764
0 0.874023 0.330729 0.066406 0.053819
0 0.819336 0.211806 0.044922 0.045139
0 0.508301 0.509549 0.100586 0.092014
0 0.210938 0.657118 0.039062 0.088542
0 0.019043 0.724826 0.036133 0.078125
0 0.045898 0.558160 0.060547 0.057292
0 0.988770 0.481771 0.022461 0.050347
0 0.408691 0.568576 0.079102 0.067708
0 0.417969 0.888021 0.085938 0.078125
0 0.240723 0.876736 0.088867 0.083333
0 0.188965 0.410590 0.053711 0.071181
0 0.027344 0.466146 0.052734 0.064236
