0 0.136230 0.033854 0.028320 0.036458
0 0.094238 0.033854 0.024414 0.032986
0 0.073730 0.034722 0.026367 0.034722
0 0.036133 0.034722 0.023438 0.031250
0 0.011719 0.033854 0.019531 0.029514
0 0.027832 0.190104 0.053711 0.046875
0 0.081055 0.194444 0.044922 0.034722
0 0.174805 0.210069 0.041016 0.045139
0 0.079590 0.236111 0.032227 0.045139
0 0.018066 0.247396 0.026367 0.043403
0 0.075684 0.323785 0.055664 0.043403
0 0.153320 0.293403 0.060547 0.052083
0 0.313477 0.189236 0.046875 0.041667
0 0.374023 0.191840 0.048828 0.036458
0 0.430664 0.190972 0.041016 0.038194
0 0.479492 0.201389 0.039062 0.045139
0 0.518555 0.187500 0.044922 0.041667
0 0.582031 0.192708 0.052734 0.041667
0 0.646484 0.191840 0.041016 0.039931
0 0.706543 0.194444 0.045898 0.034722
0 0.762207 0.196181 0.051758 0.041667
0 0.819824 0.210069 0.041992 0.045139
0 0.850098 0.197917 0.041992 0.041667
0 0.912598 0.200521 0.053711 0.039931
0 0.963867 0.201389 0.044922 0.041667
0 0.315430 0.249132 0.031250 0.053819
0 0.347656 0.248264 0.033203 0.052083
0 0.379883 0.246528 0.035156 0.048611
0 0.408203 0.243924 0.031250 0.046875
0 0.439941 0.246528 0.040039 0.059028
0 0.475586 0.251736 0.033203 0.048611
0 0.507324 0.250000 0.040039 0.055556
0 0.538086 0.251736 0.035156 0.052083
0 0.566406 0.249132 0.039062 0.053819
0 0.596680 0.249132 0.039062 0.053819
0 0.633301 0.248264 0.047852 0.065972
0 0.665039 0.249132 0.033203 0.050347
0 0.692871 0.247396 0.038086 0.050347
0 0.729004 0.251736 0.043945 0.052083
0 0.754395 0.247396 0.043945 0.050347
0 0.788086 0.250000 0.041016 0.052083
0 0.818359 0.254340 0.035156 0.046875
0 0.854980 0.258681 0.047852 0.052083
0 0.880859 0.251736 0.046875 0.052083
0 0.915039 0.257812 0.035156 0.046875
0 0.942871 0.256076 0.040039 0.050347
0 0.975098 0.257812 0.040039 0.053819
0 0.749512 0.298611 0.049805 0.041667
0 0.061523 0.408854 0.064453 0.071181
0 0.139648 0.407986 0.060547 0.083333
0 0.184082 0.408854 0.057617 0.074653
0 0.238770 0.411458 0.067383 0.069444
0 0.298828 0.403646 0.048828 0.078125
0 0.331543 0.411458 0.051758 0.079861
0 0.370117 0.413194 0.050781 0.076389
0 0.424316 0.414062 0.051758 0.071181
0 0.468750 0.411458 0.037109 0.055556
0 0.508301 0.416667 0.047852 0.065972
0 0.589355 0.419271 0.047852 0.071181
0 0.639160 0.414062 0.051758 0.081597
0 0.690918 0.419271 0.043945 0.064236
0 0.729492 0.417535 0.039062 0.071181
0 0.766602 0.414062 0.041016 0.064236
0 0.812012 0.416667 0.049805 0.079861
0 0.857422 0.417535 0.046875 0.071181
0 0.902832 0.417535 0.034180 0.071181
0 0.937012 0.421007 0.034180 0.060764
0 0.975098 0.421875 0.034180 0.069444
0 0.611816 0.484375 0.077148 0.059028
0 0.018066 0.406250 0.034180 0.069444
0 0.439941 0.655382 0.053711 0.109375
0 0.395996 0.657118 0.053711 0.105903
0 0.354492 0.660590 0.050781 0.098958
0 0.307129 0.657986 0.049805 0.118056
0 0.256348 0.659722 0.045898 0.097222
0 0.209473 0.659722 0.038086 0.086806
0 0.168457 0.654514 0.040039 0.100694
0 0.121582 0.654514 0.038086 0.093750
0 0.074707 0.651910 0.047852 0.105903
0 0.029785 0.651042 0.038086 0.097222
0 0.005371 0.648438 0.008789 0.085069
0 0.020020 0.726562 0.038086 0.071181
0 0.092285 0.731771 0.071289 0.071181
0 0.220703 0.726562 0.078125 0.067708
0 0.764160 0.689236 0.065430 0.097222
0 0.803223 0.672743 0.067383 0.098958
0 0.845215 0.668403 0.057617 0.097222
0 0.888184 0.667535 0.071289 0.105903
0 0.937500 0.670139 0.074219 0.097222
0 0.974609 0.670139 0.050781 0.100694
0 0.805176 0.797743 0.077148 0.074653
0 0.884277 0.800347 0.086914 0.072917
0 0.969238 0.802083 0.061523 0.069444
0 0.988770 0.984375 0.022461 0.027778
0 0.951172 0.982639 0.044922 0.034722
0 0.899414 0.979167 0.048828 0.041667
0 0.848633 0.972222 0.048828 0.055556
0 0.801758 0.980903 0.041016 0.038194
0 0.750000 0.977431 0.046875 0.045139
0 0.699219 0.981771 0.039062 0.036458
0 0.650879 0.975694 0.043945 0.048611
0 0.600586 0.975694 0.039062 0.048611
0 0.388184 0.977431 0.098633 0.045139
0 0.260254 0.956597 0.083008 0.072917
0 0.120605 0.960938 0.096680 0.078125
0 0.028809 0.954861 0.055664 0.090278
0 0.020996 0.871528 0.040039 0.072917
0 0.065918 0.871528 0.059570 0.072917
0 0.140137 0.875868 0.075195 0.071181
0 0.236816 0.875000 0.098633 0.093750
0 0.332520 0.881076 0.079102 0.088542
0 0.419434 0.892361 0.083008 0.079861
