0 0.017090 0.247396 0.026367 0.043403
0 0.430176 0.186632 0.041992 0.046875
0 0.761719 0.196181 0.052734 0.041667
0 0.912598 0.199653 0.053711 0.041667
0 0.962891 0.202257 0.044922 0.046875
0 0.346680 0.247396 0.033203 0.050347
0 0.379883 0.246528 0.035156 0.048611
0 0.407227 0.243924 0.031250 0.046875
0 0.475586 0.249132 0.033203 0.046875
0 0.565918 0.247396 0.038086 0.050347
0 0.596680 0.247396 0.039062 0.050347
0 0.691895 0.247396 0.038086 0.050347
0 0.728516 0.249132 0.042969 0.046875
0 0.910645 0.251736 0.041992 0.048611
0 0.296387 0.405382 0.049805 0.078125
0 0.331055 0.405382 0.052734 0.078125
0 0.369141 0.414931 0.050781 0.076389
0 0.423340 0.407986 0.051758 0.072917
0 0.727051 0.419271 0.038086 0.074653
0 0.857422 0.417535 0.046875 0.071181
0 0.902344 0.417535 0.035156 0.071181
0 0.975098 0.420139 0.034180 0.065972
0 0.017090 0.404514 0.032227 0.065972
0 0.438965 0.655382 0.053711 0.109375
0 0.395020 0.655382 0.053711 0.109375
0 0.353516 0.656250 0.050781 0.093750
0 0.306641 0.655382 0.050781 0.123264
0 0.256348 0.656250 0.045898 0.093750
0 0.121094 0.654514 0.039062 0.093750
0 0.074219 0.651910 0.048828 0.105903
0 0.028809 0.651042 0.038086 0.097222
0 0.091309 0.730903 0.071289 0.072917
0 0.218262 0.727431 0.077148 0.072917
0 0.845215 0.668403 0.057617 0.097222
0 0.888184 0.667535 0.071289 0.105903
0 0.937012 0.670139 0.075195 0.097222
0 0.805176 0.796007 0.077148 0.078125
0 0.988770 0.983507 0.022461 0.029514
0 0.898926 0.979167 0.047852 0.041667
0 0.846680 0.970486 0.044922 0.059028
0 0.801758 0.980903 0.041016 0.038194
0 0.750000 0.977431 0.046875 0.045139
0 0.699219 0.981771 0.039062 0.036458
0 0.648926 0.972222 0.043945 0.048611
0 0.260254 0.952257 0.083008 0.078125
0 0.119141 0.960938 0.097656 0.078125
0 0.028809 0.953125 0.055664 0.093750
0 0.020020 0.871528 0.038086 0.072917
0 0.065430 0.871528 0.058594 0.072917
0 0.148438 0.873264 0.091797 0.076389
0 0.331055 0.875000 0.076172 0.093750
0 0.988770 0.249132 0.022461 0.046875
0 0.187012 0.405382 0.053711 0.078125
0 0.098145 0.405382 0.057617 0.078125
0 0.975586 0.474826 0.048828 0.064236
0 0.488281 0.186632 0.048828 0.046875
0 0.662109 0.251736 0.042969 0.059028
0 0.038086 0.291667 0.056641 0.048611
0 0.821289 0.211806 0.044922 0.048611
0 0.784668 0.245660 0.041992 0.046875
0 0.506348 0.250000 0.040039 0.055556
0 0.535156 0.245660 0.039062 0.057292
0 0.439453 0.247396 0.041016 0.067708
0 0.549805 0.297743 0.058594 0.050347
0 0.833008 0.276042 0.111328 0.097222
0 0.811523 0.416667 0.054688 0.086806
0 0.764648 0.414062 0.044922 0.064236
0 0.690918 0.420139 0.049805 0.069444
0 0.638672 0.414062 0.058594 0.088542
0 0.492676 0.355035 0.059570 0.053819
0 0.507812 0.416667 0.052734 0.069444
0 0.467285 0.412326 0.041992 0.067708
0 0.511230 0.475694 0.045898 0.062500
0 0.143555 0.414062 0.056641 0.067708
0 0.058594 0.407986 0.064453 0.076389
0 0.147461 0.472222 0.068359 0.059028
0 0.106445 0.512153 0.082031 0.072917
0 0.059570 0.467882 0.060547 0.057292
0 0.084473 0.562500 0.079102 0.069444
0 0.278320 0.472222 0.060547 0.052083
0 0.333008 0.508681 0.103516 0.090278
0 0.376465 0.473958 0.065430 0.062500
0 0.383789 0.571181 0.076172 0.062500
0 0.617188 0.470486 0.074219 0.069444
0 0.727051 0.478299 0.055664 0.057292
0 0.837402 0.478299 0.065430 0.057292
0 0.778809 0.578993 0.067383 0.064236
0 0.972168 0.525174 0.055664 0.060764
0 0.964844 0.578993 0.070312 0.067708
0 0.603516 0.572917 0.080078 0.076389
0 0.602539 0.525174 0.074219 0.053819
0 0.209961 0.657118 0.041016 0.088542
0 0.416992 0.890625 0.082031 0.076389
0 0.242676 0.876736 0.088867 0.079861
