0 0.135254 0.032986 0.028320 0.034722
0 0.093262 0.032118 0.024414 0.032986
0 0.072754 0.032986 0.026367 0.034722
0 0.035645 0.032986 0.024414 0.031250
0 0.011719 0.032118 0.019531 0.029514
0 0.027832 0.188368 0.053711 0.046875
0 0.081055 0.192708 0.044922 0.034722
0 0.965332 0.522569 0.063477 0.055556
0 0.079102 0.234375 0.033203 0.045139
0 0.017090 0.247396 0.026367 0.043403
0 0.856934 0.160590 0.073242 0.060764
0 0.215820 0.518229 0.070312 0.053819
0 0.313477 0.188368 0.046875 0.043403
0 0.373047 0.190104 0.048828 0.036458
0 0.430176 0.190104 0.041992 0.036458
0 0.479004 0.201389 0.038086 0.045139
0 0.518555 0.186632 0.044922 0.043403
0 0.581055 0.190972 0.052734 0.041667
0 0.645508 0.190104 0.041016 0.039931
0 0.706055 0.192708 0.044922 0.034722
0 0.761719 0.196181 0.052734 0.041667
0 0.818848 0.208333 0.041992 0.045139
0 0.850098 0.197917 0.041992 0.041667
0 0.912598 0.199653 0.053711 0.041667
0 0.962891 0.200521 0.044922 0.043403
0 0.315430 0.248264 0.031250 0.052083
0 0.346680 0.247396 0.033203 0.050347
0 0.379883 0.246528 0.035156 0.048611
0 0.407227 0.243924 0.031250 0.046875
0 0.438965 0.246528 0.040039 0.059028
0 0.475586 0.250000 0.033203 0.048611
0 0.506348 0.249132 0.040039 0.057292
0 0.537598 0.250868 0.034180 0.050347
0 0.565918 0.248264 0.038086 0.052083
0 0.596680 0.248264 0.039062 0.052083
0 0.633301 0.248264 0.047852 0.065972
0 0.664551 0.248264 0.032227 0.048611
0 0.691895 0.247396 0.038086 0.050347
0 0.728516 0.250868 0.042969 0.050347
0 0.754395 0.247396 0.043945 0.050347
0 0.787598 0.249132 0.041992 0.050347
0 0.817383 0.252604 0.035156 0.046875
0 0.854004 0.258681 0.047852 0.052083
0 0.879883 0.250868 0.046875 0.050347
0 0.914551 0.256076 0.034180 0.046875
0 0.941895 0.254340 0.040039 0.050347
0 0.975098 0.256076 0.040039 0.053819
0 0.060547 0.407986 0.064453 0.072917
0 0.138672 0.407118 0.060547 0.081597
0 0.183594 0.407118 0.056641 0.074653
0 0.238770 0.409722 0.067383 0.069444
0 0.297852 0.403646 0.048828 0.078125
0 0.331055 0.409722 0.052734 0.079861
0 0.369141 0.411458 0.050781 0.076389
0 0.423340 0.412326 0.051758 0.071181
0 0.468262 0.409722 0.036133 0.055556
0 0.508301 0.416667 0.047852 0.065972
0 0.588379 0.418403 0.047852 0.072917
0 0.638184 0.412326 0.051758 0.081597
0 0.690430 0.419271 0.042969 0.064236
0 0.729004 0.417535 0.038086 0.071181
0 0.766602 0.412326 0.041016 0.064236
0 0.812012 0.416667 0.049805 0.079861
0 0.857422 0.417535 0.046875 0.071181
0 0.902344 0.417535 0.035156 0.071181
0 0.937012 0.421007 0.034180 0.060764
0 0.975098 0.421007 0.034180 0.067708
0 0.017578 0.405382 0.033203 0.067708
0 0.438965 0.655382 0.053711 0.109375
0 0.395020 0.656250 0.053711 0.107639
0 0.353516 0.658854 0.050781 0.098958
0 0.306641 0.657118 0.050781 0.119792
0 0.256348 0.657986 0.045898 0.097222
0 0.209473 0.658854 0.038086 0.088542
0 0.167969 0.653646 0.039062 0.098958
0 0.121094 0.654514 0.039062 0.093750
0 0.074219 0.651910 0.048828 0.105903
0 0.028809 0.651042 0.038086 0.097222
0 0.004883 0.648438 0.007812 0.085069
0 0.020020 0.724826 0.038086 0.071181
0 0.091309 0.730903 0.071289 0.072917
0 0.219727 0.724826 0.078125 0.067708
0 0.763672 0.688368 0.066406 0.095486
0 0.803223 0.671875 0.067383 0.097222
0 0.845215 0.668403 0.057617 0.097222
0 0.888184 0.667535 0.071289 0.105903
0 0.937012 0.670139 0.075195 0.097222
0 0.973633 0.669271 0.050781 0.098958
0 0.805176 0.796875 0.077148 0.076389
0 0.883301 0.798611 0.086914 0.072917
0 0.968262 0.800347 0.061523 0.069444
0 0.988770 0.983507 0.022461 0.029514
0 0.951172 0.982639 0.044922 0.034722
0 0.898926 0.979167 0.047852 0.041667
0 0.848633 0.971354 0.048828 0.057292
0 0.801758 0.980903 0.041016 0.038194
0 0.750000 0.977431 0.046875 0.045139
0 0.699219 0.981771 0.039062 0.036458
0 0.650391 0.973958 0.042969 0.048611
0 0.600098 0.973958 0.038086 0.048611
0 0.388184 0.977431 0.098633 0.045139
0 0.260254 0.954861 0.083008 0.072917
0 0.119629 0.960938 0.096680 0.078125
0 0.028809 0.953993 0.055664 0.092014
0 0.020508 0.871528 0.039062 0.072917
0 0.065430 0.871528 0.058594 0.072917
0 0.140137 0.875000 0.075195 0.072917
0 0.235840 0.875000 0.098633 0.093750
0 0.332520 0.879340 0.079102 0.088542
0 0.419434 0.890625 0.083008 0.079861
