0 0.017090 0.247396 0.026367 0.043403
0 0.429688 0.190104 0.041016 0.039931
0 0.761719 0.196181 0.052734 0.041667
0 0.818848 0.210938 0.041992 0.039931
0 0.912598 0.199653 0.053711 0.041667
0 0.962891 0.202257 0.044922 0.046875
0 0.346680 0.247396 0.033203 0.050347
0 0.379883 0.246528 0.035156 0.048611
0 0.407227 0.243924 0.031250 0.046875
0 0.438965 0.246528 0.040039 0.059028
0 0.475586 0.249132 0.033203 0.046875
0 0.506348 0.248264 0.040039 0.059028
0 0.565918 0.247396 0.038086 0.050347
0 0.596680 0.247396 0.039062 0.050347
0 0.659668 0.249132 0.040039 0.050347
0 0.691895 0.247396 0.038086 0.050347
0 0.728516 0.249132 0.042969 0.046875
0 0.786133 0.248264 0.042969 0.048611
0 0.853516 0.258681 0.048828 0.052083
0 0.910645 0.255208 0.041992 0.048611
0 0.060547 0.405382 0.064453 0.078125
0 0.234863 0.412326 0.069336 0.074653
0 0.296387 0.405382 0.049805 0.078125
0 0.331055 0.407118 0.052734 0.078125
0 0.369141 0.414931 0.050781 0.076389
0 0.423340 0.411458 0.051758 0.072917
0 0.468262 0.412326 0.036133 0.060764
0 0.508301 0.416667 0.047852 0.065972
0 0.587891 0.419271 0.048828 0.074653
0 0.638184 0.415799 0.051758 0.081597
0 0.690430 0.419271 0.042969 0.064236
0 0.727051 0.419271 0.038086 0.074653
0 0.765137 0.410590 0.041992 0.064236
0 0.812012 0.416667 0.049805 0.079861
0 0.857422 0.417535 0.046875 0.071181
0 0.902344 0.417535 0.035156 0.071181
0 0.975098 0.420139 0.034180 0.065972
0 0.017090 0.404514 0.032227 0.065972
0 0.438965 0.655382 0.053711 0.109375
0 0.395020 0.655382 0.053711 0.109375
0 0.353516 0.656250 0.050781 0.093750
0 0.306641 0.655382 0.050781 0.123264
0 0.256348 0.656250 0.045898 0.093750
0 0.209473 0.656250 0.038086 0.093750
0 0.121094 0.654514 0.039062 0.093750
0 0.074219 0.651910 0.048828 0.105903
0 0.028809 0.651042 0.038086 0.097222
0 0.004395 0.648438 0.006836 0.085069
0 0.020020 0.717882 0.038086 0.078125
0 0.091309 0.730903 0.071289 0.072917
0 0.218262 0.727431 0.077148 0.072917
0 0.845215 0.668403 0.057617 0.097222
0 0.888184 0.667535 0.071289 0.105903
0 0.937012 0.670139 0.075195 0.097222
0 0.805176 0.796007 0.077148 0.078125
0 0.988770 0.983507 0.022461 0.029514
0 0.898926 0.979167 0.047852 0.041667
0 0.848633 0.968750 0.048828 0.062500
0 0.801758 0.980903 0.041016 0.038194
0 0.750000 0.977431 0.046875 0.045139
0 0.699219 0.981771 0.039062 0.036458
0 0.648438 0.975694 0.042969 0.048611
0 0.260254 0.952257 0.083008 0.078125
0 0.119141 0.960938 0.097656 0.078125
0 0.028809 0.953125 0.055664 0.093750
0 0.020020 0.871528 0.038086 0.072917
0 0.065430 0.871528 0.058594 0.072917
0 0.331055 0.875000 0.076172 0.093750
0 0.419434 0.889757 0.083008 0.078125
0 0.489258 0.186632 0.048828 0.046875
0 0.988770 0.249132 0.022461 0.046875
0 0.025879 0.192708 0.049805 0.041667
0 0.537598 0.250000 0.036133 0.062500
0 0.244141 0.874132 0.087891 0.078125
0 0.143555 0.413194 0.052734 0.065972
0 0.098145 0.414062 0.057617 0.074653
0 0.646973 0.190104 0.045898 0.043403
0 0.754883 0.248264 0.041016 0.052083
0 0.315430 0.247396 0.033203 0.057292
0 0.801758 0.668403 0.068359 0.107639
0 0.883301 0.796875 0.084961 0.076389
0 0.949219 0.983507 0.044922 0.032986
0 0.034180 0.036458 0.027344 0.034722
0 0.136230 0.033854 0.028320 0.036458
0 0.080078 0.193576 0.046875 0.043403
0 0.081055 0.236979 0.035156 0.050347
0 0.114258 0.320312 0.058594 0.050347
0 0.373535 0.191840 0.049805 0.036458
0 0.587402 0.190104 0.049805 0.046875
0 0.705078 0.194444 0.046875 0.038194
0 0.850586 0.197917 0.042969 0.041667
0 0.884766 0.254340 0.042969 0.053819
0 0.943359 0.257812 0.041016 0.053819
0 0.634277 0.248264 0.047852 0.069444
0 0.173340 0.354167 0.067383 0.055556
0 0.444336 0.327257 0.064453 0.050347
0 0.748047 0.294271 0.054688 0.050347
0 0.975586 0.330729 0.048828 0.057292
0 0.036621 0.557292 0.071289 0.076389
0 0.968750 0.802083 0.062500 0.076389
0 0.386230 0.975694 0.102539 0.048611
0 0.165039 0.653646 0.041016 0.102431
