0 0.134766 0.031250 0.027344 0.031250
0 0.032715 0.031250 0.024414 0.031250
0 0.081055 0.188368 0.044922 0.032986
0 0.079102 0.233507 0.033203 0.046875
0 0.017090 0.247396 0.026367 0.043403
0 0.372559 0.190104 0.047852 0.036458
0 0.430176 0.190104 0.041992 0.039931
0 0.645508 0.190104 0.042969 0.043403
0 0.706055 0.191840 0.044922 0.043403
0 0.761719 0.196181 0.052734 0.041667
0 0.819824 0.209201 0.041992 0.039931
0 0.850098 0.197917 0.041992 0.041667
0 0.912598 0.199653 0.053711 0.041667
0 0.962891 0.200521 0.044922 0.043403
0 0.315430 0.247396 0.031250 0.050347
0 0.346680 0.247396 0.033203 0.050347
0 0.379883 0.246528 0.035156 0.048611
0 0.407227 0.243924 0.031250 0.046875
0 0.438965 0.246528 0.040039 0.059028
0 0.475586 0.249132 0.033203 0.046875
0 0.506348 0.248264 0.040039 0.059028
0 0.565918 0.247396 0.038086 0.050347
0 0.596680 0.247396 0.039062 0.050347
0 0.633301 0.248264 0.047852 0.065972
0 0.664551 0.248264 0.032227 0.048611
0 0.691895 0.247396 0.038086 0.050347
0 0.728516 0.249132 0.042969 0.046875
0 0.754395 0.247396 0.043945 0.050347
0 0.787598 0.248264 0.041992 0.048611
0 0.817383 0.249132 0.035156 0.046875
0 0.853516 0.258681 0.048828 0.052083
0 0.914551 0.250868 0.034180 0.046875
0 0.941895 0.250000 0.040039 0.048611
0 0.060547 0.405382 0.064453 0.078125
0 0.236816 0.412326 0.071289 0.074653
0 0.297363 0.402778 0.049805 0.076389
0 0.331055 0.405382 0.052734 0.078125
0 0.369141 0.413194 0.050781 0.076389
0 0.422363 0.413194 0.051758 0.072917
0 0.468262 0.410590 0.036133 0.060764
0 0.508301 0.416667 0.047852 0.065972
0 0.587891 0.418403 0.048828 0.072917
0 0.638184 0.415799 0.051758 0.081597
0 0.690430 0.419271 0.042969 0.064236
0 0.729004 0.417535 0.038086 0.071181
0 0.766602 0.407118 0.041016 0.064236
0 0.812012 0.416667 0.049805 0.079861
0 0.857422 0.417535 0.046875 0.071181
0 0.902344 0.417535 0.035156 0.071181
0 0.975098 0.420139 0.034180 0.065972
0 0.017090 0.404514 0.032227 0.065972
0 0.438965 0.655382 0.053711 0.109375
0 0.395020 0.655382 0.053711 0.109375
0 0.353516 0.656250 0.050781 0.093750
0 0.306641 0.655382 0.050781 0.123264
0 0.256348 0.656250 0.045898 0.093750
0 0.209473 0.656250 0.038086 0.093750
0 0.167969 0.653646 0.039062 0.098958
0 0.121094 0.654514 0.039062 0.093750
0 0.074219 0.651910 0.048828 0.105903
0 0.028809 0.651042 0.038086 0.097222
0 0.004395 0.648438 0.006836 0.085069
0 0.020020 0.720486 0.038086 0.072917
0 0.091309 0.730903 0.071289 0.072917
0 0.219727 0.720486 0.078125 0.065972
0 0.803223 0.671007 0.067383 0.095486
0 0.845215 0.668403 0.057617 0.097222
0 0.888184 0.667535 0.071289 0.105903
0 0.937012 0.670139 0.075195 0.097222
0 0.973633 0.669271 0.050781 0.098958
0 0.805176 0.796007 0.077148 0.078125
0 0.883301 0.796007 0.086914 0.078125
0 0.968262 0.797743 0.061523 0.064236
0 0.988770 0.983507 0.022461 0.029514
0 0.898926 0.979167 0.047852 0.041667
0 0.848633 0.968750 0.048828 0.062500
0 0.801758 0.980903 0.041016 0.038194
0 0.750000 0.977431 0.046875 0.045139
0 0.699219 0.981771 0.039062 0.036458
0 0.650391 0.968750 0.042969 0.048611
0 0.388184 0.977431 0.098633 0.045139
0 0.260254 0.953993 0.083008 0.078125
0 0.119141 0.960938 0.097656 0.078125
0 0.028809 0.953125 0.055664 0.093750
0 0.020020 0.871528 0.038086 0.072917
0 0.065430 0.871528 0.058594 0.072917
0 0.140137 0.873264 0.075195 0.076389
0 0.332520 0.875868 0.079102 0.092014
0 0.419434 0.889757 0.083008 0.078125
0 0.487305 0.186632 0.050781 0.046875
0 0.988770 0.252604 0.022461 0.046875
0 0.072754 0.032986 0.026367 0.034722
0 0.093262 0.031250 0.024414 0.034722
0 0.027344 0.188368 0.052734 0.050347
0 0.937012 0.420139 0.032227 0.062500
0 0.312500 0.190104 0.046875 0.043403
0 0.546387 0.179688 0.059570 0.053819
0 0.194336 0.322917 0.052734 0.041667
0 0.464355 0.327257 0.057617 0.046875
0 0.231934 0.213542 0.030273 0.059028
0 0.154297 0.250000 0.033203 0.059028
0 0.019531 0.296875 0.037109 0.048611
0 0.023926 0.357639 0.045898 0.048611
0 0.097656 0.414931 0.064453 0.072917
0 0.144531 0.464410 0.068359 0.060764
0 0.887207 0.256944 0.038086 0.055556
0 0.259277 0.290799 0.057617 0.046875
0 0.573730 0.291667 0.057617 0.052083
0 0.814453 0.328993 0.064453 0.046875
0 0.924805 0.353299 0.058594 0.050347
0 0.111816 0.544271 0.071289 0.064236
0 0.981445 0.451389 0.037109 0.104167
0 0.987793 0.574653 0.024414 0.069444
0 0.916992 0.529514 0.078125 0.062500
0 0.758789 0.476562 0.078125 0.064236
0 0.528809 0.521701 0.075195 0.064236
0 0.476562 0.453125 0.113281 0.107639
