0 0.017090 0.247396 0.026367 0.043403
0 0.430176 0.187500 0.041992 0.045139
0 0.761719 0.196181 0.052734 0.041667
0 0.912598 0.199653 0.053711 0.041667
0 0.962891 0.202257 0.044922 0.046875
0 0.346680 0.247396 0.033203 0.050347
0 0.379883 0.246528 0.035156 0.048611
0 0.407227 0.243924 0.031250 0.046875
0 0.475586 0.249132 0.033203 0.046875
0 0.506348 0.248264 0.040039 0.059028
0 0.565918 0.247396 0.038086 0.050347
0 0.596680 0.247396 0.039062 0.050347
0 0.659668 0.249132 0.040039 0.050347
0 0.691895 0.247396 0.038086 0.050347
0 0.728027 0.250868 0.041992 0.050347
0 0.786133 0.248264 0.042969 0.048611
0 0.853516 0.258681 0.048828 0.052083
0 0.910645 0.255208 0.041992 0.048611
0 0.060547 0.405382 0.064453 0.078125
0 0.296387 0.405382 0.049805 0.078125
0 0.331055 0.407118 0.052734 0.078125
0 0.369141 0.414931 0.050781 0.076389
0 0.423340 0.411458 0.051758 0.072917
0 0.508301 0.416667 0.047852 0.065972
0 0.690430 0.419271 0.042969 0.064236
0 0.727051 0.419271 0.038086 0.074653
0 0.765137 0.410590 0.041992 0.064236
0 0.814941 0.406250 0.049805 0.079861
0 0.857422 0.417535 0.046875 0.071181
0 0.902344 0.417535 0.035156 0.071181
0 0.975098 0.420139 0.034180 0.065972
0 0.017090 0.404514 0.032227 0.065972
0 0.438965 0.655382 0.053711 0.109375
0 0.395020 0.655382 0.053711 0.109375
0 0.353516 0.656250 0.050781 0.093750
0 0.306641 0.655382 0.050781 0.123264
0 0.256348 0.656250 0.045898 0.093750
0 0.209473 0.656250 0.038086 0.093750
0 0.121094 0.654514 0.039062 0.093750
0 0.074219 0.651910 0.048828 0.105903
0 0.028809 0.651042 0.038086 0.097222
0 0.004395 0.648438 0.006836 0.085069
0 0.020020 0.717882 0.038086 0.078125
0 0.091309 0.730903 0.071289 0.072917
0 0.218262 0.727431 0.077148 0.072917
0 0.845215 0.668403 0.057617 0.097222
0 0.888184 0.667535 0.071289 0.105903
0 0.937012 0.670139 0.075195 0.097222
0 0.805176 0.796007 0.077148 0.078125
0 0.988770 0.983507 0.022461 0.029514
0 0.898926 0.979167 0.047852 0.041667
0 0.848633 0.968750 0.048828 0.062500
0 0.801758 0.980903 0.041016 0.038194
0 0.750000 0.977431 0.046875 0.045139
0 0.699219 0.981771 0.039062 0.036458
0 0.648438 0.970486 0.042969 0.048611
0 0.260254 0.952257 0.083008 0.078125
0 0.119141 0.960938 0.097656 0.078125
0 0.028809 0.953125 0.055664 0.093750
0 0.020020 0.871528 0.038086 0.072917
0 0.065430 0.871528 0.058594 0.072917
0 0.148438 0.873264 0.091797 0.076389
0 0.331055 0.875000 0.076172 0.093750
0 0.419434 0.889757 0.083008 0.078125
0 0.489258 0.186632 0.048828 0.046875
0 0.988770 0.249132 0.022461 0.046875
0 0.537598 0.250000 0.036133 0.062500
0 0.187012 0.405382 0.053711 0.078125
0 0.143555 0.407986 0.052734 0.065972
0 0.098145 0.407118 0.057617 0.074653
0 0.538574 0.578125 0.075195 0.065972
0 0.012207 0.327257 0.022461 0.050347
0 0.190430 0.338542 0.074219 0.048611
0 0.266113 0.288194 0.063477 0.052083
0 0.340332 0.348958 0.069336 0.059028
0 0.438965 0.322049 0.043945 0.053819
0 0.626953 0.294271 0.060547 0.053819
0 0.744141 0.329861 0.066406 0.052083
0 0.878418 0.349826 0.069336 0.057292
0 0.200684 0.511285 0.071289 0.060764
0 0.029297 0.507812 0.056641 0.064236
0 0.375977 0.468750 0.068359 0.055556
0 0.376465 0.516493 0.071289 0.060764
0 0.417969 0.568576 0.072266 0.067708
0 0.527344 0.469618 0.058594 0.060764
0 0.663086 0.470486 0.072266 0.055556
0 0.756836 0.474826 0.068359 0.053819
0 0.777832 0.522569 0.075195 0.062500
0 0.885254 0.474826 0.077148 0.060764
0 0.990723 0.479167 0.018555 0.059028
0 0.948730 0.521701 0.063477 0.057292
0 0.939941 0.578125 0.063477 0.062500
0 0.837891 0.573785 0.072266 0.060764
0 0.867188 0.522569 0.068359 0.059028
0 0.722168 0.568576 0.083008 0.078125
0 0.102539 0.565972 0.076172 0.055556
