0 0.020020 0.250868 0.026367 0.043403
0 0.743652 0.193576 0.036133 0.039931
0 0.891602 0.199653 0.046875 0.041667
0 0.942383 0.199653 0.046875 0.041667
0 0.346680 0.247396 0.033203 0.050347
0 0.379883 0.248264 0.035156 0.048611
0 0.409180 0.245660 0.031250 0.046875
0 0.565918 0.247396 0.038086 0.050347
0 0.694824 0.250000 0.043945 0.055556
0 0.910645 0.255208 0.045898 0.052083
0 0.321289 0.409722 0.064453 0.065972
0 0.716309 0.413194 0.045898 0.072917
0 0.867188 0.420139 0.033203 0.065972
0 0.416504 0.750868 0.067383 0.074653
0 0.391602 0.651910 0.046875 0.102431
0 0.350586 0.656250 0.044922 0.097222
0 0.305176 0.660590 0.051758 0.105903
0 0.254883 0.652778 0.050781 0.114583
0 0.115723 0.656250 0.034180 0.093750
0 0.079590 0.653646 0.038086 0.098958
0 0.028809 0.651042 0.038086 0.097222
0 0.004395 0.648438 0.006836 0.085069
0 0.244141 0.737847 0.078125 0.072917
0 0.848633 0.665799 0.068359 0.095486
0 0.891602 0.661458 0.062500 0.100694
0 0.791504 0.796007 0.073242 0.074653
0 0.985840 0.968750 0.028320 0.062500
0 0.898926 0.979167 0.047852 0.041667
0 0.797852 0.980903 0.042969 0.038194
0 0.699219 0.981771 0.039062 0.036458
0 0.256348 0.956597 0.096680 0.083333
0 0.089844 0.951389 0.097656 0.090278
0 0.014160 0.868924 0.026367 0.071181
0 0.086426 0.872396 0.084961 0.074653
0 0.460938 0.886285 0.078125 0.071181
0 0.275879 0.881076 0.094727 0.081597
0 0.988770 0.249132 0.022461 0.046875
0 0.122559 0.406250 0.055664 0.062500
0 0.848145 0.253472 0.045898 0.059028
0 0.034180 0.409722 0.060547 0.069444
0 0.228027 0.412326 0.053711 0.071181
0 0.036133 0.031250 0.027344 0.031250
0 0.020020 0.191840 0.038086 0.039931
0 0.444336 0.410590 0.054688 0.067708
0 0.388672 0.406250 0.058594 0.065972
0 0.663574 0.410590 0.051758 0.064236
0 0.767090 0.416667 0.049805 0.072917
0 0.816406 0.419271 0.042969 0.067708
0 0.788086 0.251736 0.044922 0.059028
0 0.876465 0.252604 0.043945 0.057292
0 0.945801 0.263021 0.043945 0.050347
0 0.537598 0.249132 0.038086 0.050347
0 0.507324 0.252604 0.040039 0.050347
0 0.554688 0.190972 0.044922 0.041667
0 0.156738 0.653646 0.036133 0.095486
0 0.019043 0.723090 0.036133 0.078125
0 0.867676 0.797743 0.086914 0.074653
0 0.960938 0.796875 0.078125 0.076389
0 0.947754 0.968750 0.051758 0.062500
0 0.381836 0.880208 0.078125 0.076389
0 0.182129 0.876736 0.073242 0.072917
0 0.985352 0.201389 0.029297 0.034722
0 0.815430 0.248264 0.041016 0.048611
0 0.975098 0.259549 0.034180 0.050347
0 0.989258 0.255208 0.021484 0.045139
0 0.942383 0.420139 0.029297 0.065972
0 0.994629 0.424479 0.010742 0.064236
0 0.973633 0.661458 0.050781 0.104167
0 0.992676 0.629340 0.012695 0.046875
0 0.939941 0.668403 0.067383 0.107639
0 0.649902 0.976562 0.041992 0.046875
