0 0.020020 0.250000 0.026367 0.045139
0 0.742676 0.191840 0.036133 0.039931
0 0.891602 0.199653 0.046875 0.041667
0 0.942383 0.199653 0.046875 0.041667
0 0.346680 0.247396 0.033203 0.050347
0 0.379883 0.248264 0.035156 0.048611
0 0.409180 0.245660 0.031250 0.046875
0 0.565918 0.247396 0.038086 0.050347
0 0.693848 0.249132 0.043945 0.057292
0 0.910645 0.253472 0.045898 0.052083
0 0.320801 0.407986 0.063477 0.065972
0 0.169434 0.477431 0.073242 0.062500
0 0.867188 0.420139 0.033203 0.065972
0 0.416504 0.750000 0.067383 0.076389
0 0.391602 0.651910 0.046875 0.102431
0 0.350586 0.655382 0.044922 0.095486
0 0.305176 0.658854 0.051758 0.105903
0 0.254883 0.652778 0.050781 0.114583
0 0.115723 0.656250 0.034180 0.093750
0 0.079590 0.653646 0.038086 0.098958
0 0.028809 0.651042 0.038086 0.097222
0 0.004395 0.648438 0.006836 0.085069
0 0.244141 0.736111 0.078125 0.072917
0 0.891602 0.659722 0.062500 0.100694
0 0.791504 0.795139 0.073242 0.076389
0 0.985840 0.968750 0.028320 0.062500
0 0.898926 0.979167 0.047852 0.041667
0 0.797852 0.980903 0.042969 0.038194
0 0.699219 0.975694 0.039062 0.048611
0 0.256348 0.954861 0.096680 0.083333
0 0.089844 0.951389 0.097656 0.090278
0 0.013672 0.868924 0.025391 0.071181
0 0.086426 0.872396 0.084961 0.074653
0 0.460938 0.886285 0.078125 0.071181
0 0.275391 0.879340 0.095703 0.081597
0 0.988770 0.249132 0.022461 0.046875
0 0.122559 0.406250 0.055664 0.062500
0 0.848145 0.251736 0.045898 0.059028
0 0.034180 0.408854 0.060547 0.067708
0 0.036133 0.031250 0.027344 0.031250
0 0.020020 0.190104 0.038086 0.039931
0 0.443848 0.408854 0.055664 0.067708
0 0.388672 0.405382 0.058594 0.064236
0 0.662598 0.408854 0.051758 0.064236
0 0.767090 0.416667 0.049805 0.072917
0 0.815430 0.419271 0.042969 0.067708
0 0.785156 0.250000 0.050781 0.059028
0 0.876465 0.251736 0.043945 0.059028
0 0.945801 0.263021 0.043945 0.050347
0 0.537598 0.248264 0.038086 0.048611
0 0.506348 0.250868 0.040039 0.050347
0 0.554688 0.189236 0.044922 0.041667
0 0.155762 0.653646 0.036133 0.095486
0 0.019043 0.721354 0.036133 0.078125
0 0.867676 0.796875 0.086914 0.076389
0 0.960938 0.796007 0.078125 0.078125
0 0.947754 0.968750 0.051758 0.062500
0 0.381836 0.878472 0.078125 0.076389
0 0.182129 0.875868 0.073242 0.074653
0 0.954590 0.480903 0.077148 0.059028
0 0.815430 0.248264 0.041016 0.048611
0 0.975098 0.259549 0.034180 0.050347
0 0.989258 0.253472 0.021484 0.045139
0 0.942383 0.420139 0.029297 0.065972
0 0.994629 0.422743 0.010742 0.064236
0 0.973633 0.659722 0.050781 0.104167
0 0.992676 0.627604 0.012695 0.046875
0 0.938965 0.668403 0.067383 0.107639
0 0.648926 0.974826 0.041992 0.046875
0 0.317383 0.248264 0.027344 0.052083
0 0.072266 0.033854 0.033203 0.036458
0 0.084473 0.229167 0.030273 0.048611
0 0.119141 0.248264 0.042969 0.059028
0 0.106445 0.326389 0.046875 0.052083
0 0.046875 0.358507 0.058594 0.050347
0 0.004883 0.398438 0.007812 0.039931
0 0.168945 0.412326 0.050781 0.064236
0 0.338867 0.327257 0.048828 0.050347
0 0.300293 0.291667 0.061523 0.045139
0 0.479492 0.156250 0.078125 0.065972
0 0.615234 0.191840 0.046875 0.043403
0 0.599121 0.250868 0.040039 0.053819
0 0.649902 0.325521 0.063477 0.060764
0 0.825195 0.479167 0.076172 0.059028
0 0.773926 0.529514 0.077148 0.062500
0 0.640137 0.480035 0.063477 0.057292
0 0.469727 0.520833 0.076172 0.069444
0 0.271484 0.541667 0.123047 0.114583
0 0.587402 0.941840 0.053711 0.116319
0 0.409668 0.959201 0.083008 0.081597
0 0.202637 0.645833 0.051758 0.107639
0 0.006348 0.031250 0.010742 0.034722
