0 0.020020 0.249132 0.026367 0.046875
0 0.730469 0.192708 0.052734 0.041667
0 0.891602 0.199653 0.046875 0.041667
0 0.781738 0.195312 0.040039 0.039931
0 0.346680 0.247396 0.033203 0.050347
0 0.379883 0.248264 0.035156 0.048611
0 0.409180 0.245660 0.031250 0.046875
0 0.565918 0.247396 0.038086 0.050347
0 0.693848 0.248264 0.043945 0.059028
0 0.910645 0.250868 0.045898 0.050347
0 0.320801 0.408854 0.063477 0.064236
0 0.867188 0.420139 0.033203 0.065972
0 0.416504 0.749132 0.067383 0.078125
0 0.390137 0.643229 0.051758 0.112847
0 0.350586 0.655382 0.044922 0.095486
0 0.303711 0.658854 0.048828 0.098958
0 0.254883 0.652778 0.050781 0.114583
0 0.115723 0.656250 0.034180 0.093750
0 0.079590 0.653646 0.038086 0.098958
0 0.028809 0.651042 0.038086 0.097222
0 0.004395 0.648438 0.006836 0.085069
0 0.244141 0.734375 0.078125 0.076389
0 0.891602 0.661458 0.062500 0.104167
0 0.791504 0.795139 0.073242 0.076389
0 0.985840 0.968750 0.028320 0.062500
0 0.898926 0.979167 0.047852 0.041667
0 0.801758 0.980903 0.042969 0.038194
0 0.694336 0.972222 0.046875 0.048611
0 0.256348 0.953125 0.096680 0.079861
0 0.089844 0.951389 0.097656 0.090278
0 0.013672 0.868924 0.025391 0.071181
0 0.086426 0.872396 0.084961 0.074653
0 0.460938 0.886285 0.078125 0.071181
0 0.275391 0.875868 0.095703 0.081597
0 0.988770 0.249132 0.022461 0.046875
0 0.122559 0.406250 0.055664 0.062500
0 0.848145 0.250000 0.045898 0.062500
0 0.034180 0.407118 0.060547 0.064236
0 0.429688 0.189236 0.056641 0.048611
0 0.036133 0.031250 0.027344 0.031250
0 0.019043 0.192708 0.036133 0.041667
0 0.443848 0.409722 0.055664 0.065972
0 0.268555 0.407986 0.048828 0.072917
0 0.642090 0.418403 0.034180 0.072917
0 0.767090 0.416667 0.049805 0.072917
0 0.815430 0.419271 0.042969 0.067708
0 0.786133 0.248264 0.048828 0.059028
0 0.876465 0.250000 0.043945 0.062500
0 0.945801 0.263021 0.043945 0.050347
0 0.537598 0.248264 0.038086 0.048611
0 0.470215 0.250868 0.034180 0.046875
0 0.554688 0.187500 0.044922 0.045139
0 0.159180 0.641493 0.042969 0.112847
0 0.019043 0.717882 0.036133 0.078125
0 0.867676 0.796007 0.086914 0.078125
0 0.960938 0.796007 0.078125 0.078125
0 0.947754 0.968750 0.051758 0.062500
0 0.381836 0.875000 0.078125 0.076389
0 0.182129 0.874132 0.073242 0.078125
0 0.815430 0.248264 0.041016 0.048611
0 0.975098 0.259549 0.034180 0.050347
0 0.942383 0.420139 0.029297 0.065972
0 0.994629 0.421875 0.010742 0.062500
0 0.973633 0.657118 0.050781 0.105903
0 0.756836 0.639757 0.091797 0.157986
0 0.164551 0.408854 0.065430 0.067708
0 0.074219 0.032118 0.029297 0.032986
0 0.096680 0.031250 0.023438 0.031250
0 0.083008 0.228299 0.031250 0.046875
0 0.082520 0.190972 0.055664 0.045139
0 0.438965 0.247396 0.036133 0.050347
0 0.315430 0.247396 0.031250 0.046875
0 0.317383 0.190104 0.041016 0.039931
0 0.598633 0.249132 0.041016 0.050347
0 0.615723 0.188368 0.043945 0.043403
0 0.674805 0.190972 0.048828 0.045139
0 0.911133 0.417535 0.033203 0.074653
0 0.968262 0.416667 0.032227 0.065972
0 0.204590 0.642361 0.049805 0.111111
0 0.409180 0.960938 0.083984 0.078125
0 0.747559 0.981771 0.038086 0.036458
0 0.016602 0.031250 0.023438 0.031250
0 0.131836 0.031250 0.031250 0.034722
0 0.012207 0.291667 0.022461 0.041667
0 0.506348 0.252604 0.038086 0.050347
0 0.664551 0.248264 0.043945 0.052083
0 0.730469 0.252604 0.048828 0.057292
0 0.754395 0.243924 0.026367 0.043403
0 0.833008 0.197917 0.056641 0.041667
0 0.983887 0.201389 0.030273 0.034722
0 0.723633 0.417535 0.050781 0.071181
0 0.680176 0.419271 0.038086 0.067708
0 0.560547 0.414931 0.042969 0.072917
0 0.504883 0.408854 0.060547 0.071181
0 0.212891 0.414931 0.058594 0.062500
0 0.074219 0.407118 0.060547 0.081597
0 0.850098 0.667535 0.065430 0.105903
0 0.992676 0.629340 0.012695 0.046875
0 0.016602 0.969618 0.031250 0.060764
0 0.727051 0.732639 0.043945 0.097222
0 0.848145 0.978299 0.045898 0.043403
0 0.496094 0.189236 0.048828 0.048611
0 0.061035 0.250000 0.041992 0.045139
0 0.370117 0.194444 0.046875 0.045139
0 0.634766 0.251736 0.042969 0.055556
0 0.648926 0.975694 0.047852 0.048611
