0 0.846680 0.250000 0.044922 0.062500
0 0.032715 0.031250 0.024414 0.031250
0 0.018555 0.249132 0.027344 0.046875
0 0.464844 0.188368 0.046875 0.046875
0 0.831055 0.198785 0.050781 0.039931
0 0.892090 0.196181 0.049805 0.045139
0 0.977051 0.201389 0.043945 0.045139
0 0.483887 0.232639 0.067383 0.079861
0 0.657715 0.248264 0.038086 0.048611
0 0.727051 0.252604 0.043945 0.046875
0 0.756348 0.249132 0.034180 0.046875
0 0.784180 0.249132 0.042969 0.046875
0 0.818848 0.249132 0.041992 0.046875
0 0.879883 0.249132 0.042969 0.046875
0 0.913086 0.250000 0.046875 0.062500
0 0.945801 0.252604 0.038086 0.046875
0 0.991211 0.249132 0.017578 0.046875
0 0.027832 0.415799 0.053711 0.081597
0 0.010254 0.389757 0.018555 0.046875
0 0.161133 0.414931 0.064453 0.069444
0 0.282715 0.411458 0.057617 0.065972
0 0.346680 0.408854 0.052734 0.064236
0 0.396973 0.406250 0.049805 0.076389
0 0.546387 0.414931 0.045898 0.065972
0 0.624512 0.415799 0.043945 0.074653
0 0.805176 0.415799 0.055664 0.078125
0 0.886719 0.417535 0.042969 0.067708
0 0.966797 0.416667 0.035156 0.059028
0 0.350586 0.658854 0.048828 0.109375
0 0.161133 0.657986 0.041016 0.097222
0 0.125977 0.655382 0.037109 0.109375
0 0.077637 0.651042 0.040039 0.097222
0 0.034180 0.655382 0.039062 0.095486
0 0.027344 0.868924 0.052734 0.074653
0 0.079102 0.960938 0.085938 0.078125
0 0.114258 0.875868 0.087891 0.074653
0 0.377930 0.888889 0.076172 0.079861
0 0.699219 0.974826 0.041016 0.046875
0 0.750977 0.974826 0.048828 0.046875
0 0.803711 0.974826 0.046875 0.046875
0 0.900391 0.980903 0.042969 0.038194
0 0.945801 0.981771 0.045898 0.036458
0 0.988770 0.979167 0.022461 0.041667
0 0.987305 0.796007 0.025391 0.064236
0 0.921387 0.796007 0.088867 0.078125
0 0.892090 0.660590 0.065430 0.109375
0 0.945801 0.671007 0.069336 0.095486
0 0.973633 0.655382 0.050781 0.109375
0 0.343262 0.322917 0.065430 0.048611
0 0.641113 0.327257 0.067383 0.053819
0 0.242188 0.361111 0.064453 0.045139
0 0.111328 0.543403 0.070312 0.062500
0 0.133301 0.467014 0.065430 0.059028
0 0.396484 0.515625 0.066406 0.059028
0 0.984375 0.373264 0.031250 0.055556
