0 0.846680 0.250000 0.044922 0.062500
0 0.018555 0.249132 0.027344 0.046875
0 0.464844 0.186632 0.046875 0.046875
0 0.831055 0.198785 0.050781 0.039931
0 0.892090 0.196181 0.049805 0.045139
0 0.977051 0.201389 0.043945 0.045139
0 0.483887 0.232639 0.067383 0.079861
0 0.657715 0.249132 0.038086 0.046875
0 0.727051 0.249132 0.043945 0.046875
0 0.756348 0.249132 0.034180 0.046875
0 0.784180 0.249132 0.042969 0.046875
0 0.818848 0.249132 0.041992 0.046875
0 0.879883 0.249132 0.042969 0.046875
0 0.913086 0.250000 0.046875 0.062500
0 0.945801 0.249132 0.038086 0.046875
0 0.991211 0.249132 0.017578 0.046875
0 0.027832 0.415799 0.053711 0.081597
0 0.010254 0.389757 0.018555 0.046875
0 0.161133 0.414931 0.064453 0.069444
0 0.282715 0.407986 0.057617 0.065972
0 0.346680 0.406250 0.052734 0.062500
0 0.396973 0.405382 0.049805 0.078125
0 0.546387 0.414931 0.045898 0.065972
0 0.624512 0.415799 0.043945 0.074653
0 0.805176 0.415799 0.055664 0.078125
0 0.886719 0.417535 0.042969 0.067708
0 0.966797 0.416667 0.035156 0.059028
0 0.350586 0.655382 0.048828 0.109375
0 0.161133 0.656250 0.041016 0.093750
0 0.125977 0.655382 0.037109 0.109375
0 0.077637 0.651042 0.040039 0.097222
0 0.034180 0.655382 0.039062 0.095486
0 0.027344 0.868924 0.052734 0.074653
0 0.079102 0.960938 0.085938 0.078125
0 0.114258 0.874132 0.087891 0.078125
0 0.377930 0.888889 0.076172 0.079861
0 0.699219 0.971354 0.041016 0.046875
0 0.750977 0.971354 0.048828 0.046875
0 0.803711 0.971354 0.046875 0.046875
0 0.900391 0.980903 0.042969 0.038194
0 0.945801 0.981771 0.045898 0.036458
0 0.988770 0.979167 0.022461 0.041667
0 0.987305 0.796007 0.025391 0.064236
0 0.921387 0.796007 0.088867 0.078125
0 0.892090 0.657118 0.065430 0.109375
0 0.945801 0.671007 0.069336 0.095486
0 0.973633 0.655382 0.050781 0.109375
0 0.402344 0.190972 0.052734 0.041667
0 0.030762 0.190104 0.043945 0.043403
0 0.520508 0.186632 0.042969 0.046875
0 0.583008 0.187500 0.048828 0.048611
0 0.641602 0.190972 0.048828 0.045139
0 0.711426 0.188368 0.057617 0.050347
0 0.775879 0.197049 0.040039 0.039931
0 0.695801 0.337674 0.069336 0.053819
0 0.648926 0.974826 0.043945 0.050347
