0 0.111328 0.032118 0.025391 0.036458
0 0.072754 0.032118 0.028320 0.032986
0 0.846680 0.250000 0.044922 0.062500
0 0.137207 0.032986 0.024414 0.038194
0 0.033691 0.033854 0.024414 0.036458
0 0.011230 0.034722 0.020508 0.034722
0 0.032227 0.191840 0.046875 0.043403
0 0.087402 0.193576 0.045898 0.039931
0 0.019531 0.253472 0.029297 0.045139
0 0.175781 0.292535 0.048828 0.046875
0 0.054688 0.327257 0.064453 0.050347
0 0.311035 0.190104 0.041992 0.036458
0 0.353027 0.192708 0.041992 0.038194
0 0.408203 0.190972 0.052734 0.038194
0 0.465820 0.190104 0.046875 0.039931
0 0.535156 0.189236 0.048828 0.045139
0 0.594238 0.190972 0.049805 0.038194
0 0.655762 0.192708 0.043945 0.041667
0 0.714844 0.197049 0.046875 0.036458
0 0.770020 0.197917 0.051758 0.038194
0 0.832031 0.198785 0.050781 0.039931
0 0.879883 0.198785 0.046875 0.039931
0 0.978027 0.202257 0.043945 0.043403
0 0.313965 0.250000 0.032227 0.055556
0 0.344238 0.249132 0.032227 0.050347
0 0.378418 0.245660 0.032227 0.046875
0 0.407715 0.243924 0.036133 0.050347
0 0.439453 0.243924 0.037109 0.057292
0 0.483887 0.233507 0.067383 0.081597
0 0.535645 0.249132 0.034180 0.050347
0 0.571777 0.246528 0.038086 0.052083
0 0.604492 0.236979 0.041016 0.039931
0 0.631836 0.243924 0.033203 0.050347
0 0.660156 0.249132 0.039062 0.053819
0 0.694336 0.249132 0.042969 0.057292
0 0.727539 0.252604 0.042969 0.050347
0 0.756836 0.250868 0.035156 0.043403
0 0.784180 0.251736 0.042969 0.052083
0 0.819824 0.252604 0.041992 0.053819
0 0.880371 0.252604 0.043945 0.050347
0 0.913086 0.252604 0.046875 0.060764
0 0.946289 0.256944 0.039062 0.048611
0 0.973145 0.256944 0.038086 0.052083
0 0.991699 0.256076 0.016602 0.043403
0 0.956055 0.302951 0.066406 0.050347
0 0.903809 0.330729 0.065430 0.050347
0 0.725586 0.328993 0.060547 0.050347
0 0.646973 0.360243 0.063477 0.053819
0 0.595703 0.285590 0.078125 0.067708
0 0.392090 0.323785 0.051758 0.050347
0 0.170410 0.359375 0.069336 0.055556
0 0.028320 0.415799 0.054688 0.081597
0 0.074219 0.411458 0.058594 0.065972
0 0.041992 0.472222 0.066406 0.059028
0 0.011230 0.394097 0.020508 0.048611
0 0.116699 0.412326 0.057617 0.074653
0 0.162109 0.414931 0.064453 0.069444
0 0.218750 0.407986 0.060547 0.059028
0 0.275391 0.407118 0.064453 0.064236
0 0.336426 0.411458 0.063477 0.059028
0 0.398926 0.410590 0.053711 0.071181
0 0.447266 0.414931 0.046875 0.072917
0 0.498535 0.413194 0.051758 0.083333
0 0.541016 0.415799 0.044922 0.071181
0 0.582031 0.416667 0.042969 0.076389
0 0.625488 0.415799 0.043945 0.074653
0 0.673340 0.417535 0.049805 0.071181
0 0.713867 0.408854 0.046875 0.095486
0 0.762207 0.407986 0.053711 0.059028
0 0.805176 0.412326 0.055664 0.081597
0 0.875488 0.413194 0.053711 0.065972
0 0.923340 0.417535 0.045898 0.071181
0 0.967285 0.416667 0.034180 0.059028
0 0.994141 0.421875 0.011719 0.065972
0 0.973145 0.504340 0.053711 0.057292
0 0.593750 0.477431 0.076172 0.055556
0 0.582031 0.558160 0.074219 0.060764
0 0.356445 0.473090 0.074219 0.057292
0 0.232910 0.524306 0.073242 0.062500
0 0.397949 0.663194 0.045898 0.104167
0 0.351074 0.659722 0.047852 0.107639
0 0.306152 0.664062 0.045898 0.102431
0 0.208496 0.664062 0.043945 0.088542
0 0.164062 0.660590 0.041016 0.098958
0 0.125977 0.657118 0.037109 0.105903
0 0.077637 0.651042 0.040039 0.097222
0 0.034180 0.655382 0.039062 0.095486
0 0.018555 0.726562 0.035156 0.071181
0 0.023926 0.863715 0.045898 0.081597
0 0.102539 0.877604 0.091797 0.081597
0 0.079102 0.960938 0.085938 0.078125
0 0.278320 0.884549 0.101562 0.085069
0 0.281738 0.960069 0.102539 0.079861
0 0.378906 0.890625 0.076172 0.083333
0 0.643555 0.974826 0.046875 0.050347
0 0.701660 0.976562 0.049805 0.046875
0 0.751465 0.974826 0.047852 0.050347
0 0.803711 0.975694 0.046875 0.048611
0 0.852539 0.966146 0.050781 0.067708
0 0.900391 0.980903 0.042969 0.038194
0 0.946289 0.981771 0.044922 0.036458
0 0.988770 0.979167 0.022461 0.041667
0 0.987305 0.797743 0.025391 0.067708
0 0.921875 0.800347 0.087891 0.072917
0 0.842285 0.803819 0.088867 0.079861
0 0.807617 0.666667 0.066406 0.111111
0 0.851562 0.666667 0.070312 0.118056
0 0.891602 0.663194 0.066406 0.107639
0 0.946777 0.673611 0.069336 0.100694
0 0.974609 0.662326 0.050781 0.109375
