0 0.110840 0.031250 0.026367 0.034722
0 0.072266 0.031250 0.027344 0.031250
0 0.846680 0.250000 0.044922 0.062500
0 0.136719 0.032118 0.023438 0.036458
0 0.032715 0.032986 0.024414 0.034722
0 0.010742 0.032986 0.019531 0.034722
0 0.032227 0.190104 0.046875 0.043403
0 0.086426 0.191840 0.045898 0.039931
0 0.310059 0.189236 0.041992 0.034722
0 0.352051 0.190972 0.041992 0.038194
0 0.407715 0.190104 0.051758 0.036458
0 0.464844 0.189236 0.046875 0.041667
0 0.534180 0.187500 0.048828 0.045139
0 0.593262 0.190104 0.049805 0.036458
0 0.655762 0.190972 0.043945 0.041667
0 0.714844 0.197049 0.046875 0.036458
0 0.770020 0.197917 0.051758 0.038194
0 0.831055 0.198785 0.050781 0.039931
0 0.879883 0.198785 0.046875 0.039931
0 0.977051 0.201389 0.043945 0.045139
0 0.313477 0.249132 0.033203 0.057292
0 0.343262 0.248264 0.032227 0.048611
0 0.377930 0.245660 0.033203 0.046875
0 0.407715 0.243924 0.036133 0.050347
0 0.438965 0.243924 0.036133 0.057292
0 0.483887 0.232639 0.067383 0.079861
0 0.535645 0.248264 0.034180 0.048611
0 0.570801 0.246528 0.038086 0.052083
0 0.604004 0.236111 0.041992 0.041667
0 0.631836 0.243924 0.033203 0.050347
0 0.659668 0.248264 0.038086 0.052083
0 0.693848 0.248264 0.043945 0.059028
0 0.727051 0.250868 0.043945 0.050347
0 0.756348 0.250000 0.034180 0.045139
0 0.784180 0.250868 0.042969 0.050347
0 0.818848 0.251736 0.041992 0.052083
0 0.879883 0.250868 0.042969 0.050347
0 0.913086 0.250868 0.046875 0.060764
0 0.945801 0.255208 0.038086 0.048611
0 0.973145 0.255208 0.038086 0.052083
0 0.991211 0.254340 0.017578 0.043403
0 0.027832 0.415799 0.053711 0.081597
0 0.074219 0.409722 0.058594 0.065972
0 0.010742 0.392361 0.019531 0.048611
0 0.115723 0.410590 0.057617 0.074653
0 0.161133 0.414931 0.064453 0.069444
0 0.218262 0.407118 0.061523 0.060764
0 0.275391 0.406250 0.064453 0.062500
0 0.336426 0.409722 0.063477 0.059028
0 0.398926 0.408854 0.053711 0.071181
0 0.447266 0.414931 0.046875 0.072917
0 0.497559 0.411458 0.051758 0.083333
0 0.541016 0.415799 0.044922 0.071181
0 0.581055 0.416667 0.042969 0.076389
0 0.624512 0.415799 0.043945 0.074653
0 0.673340 0.417535 0.049805 0.071181
0 0.712891 0.407118 0.046875 0.095486
0 0.761719 0.407118 0.054688 0.060764
0 0.805176 0.410590 0.055664 0.081597
0 0.874512 0.411458 0.053711 0.065972
0 0.922852 0.417535 0.044922 0.071181
0 0.966797 0.416667 0.035156 0.059028
0 0.994141 0.421007 0.011719 0.064236
0 0.803223 0.545139 0.202148 0.118056
0 0.688965 0.668403 0.053711 0.090278
0 0.397461 0.661458 0.044922 0.104167
0 0.350586 0.657986 0.048828 0.107639
0 0.305176 0.662326 0.045898 0.102431
0 0.208008 0.662326 0.042969 0.088542
0 0.163086 0.658854 0.041016 0.098958
0 0.125977 0.656250 0.037109 0.107639
0 0.077637 0.651042 0.040039 0.097222
0 0.034180 0.655382 0.039062 0.095486
0 0.018555 0.724826 0.035156 0.071181
0 0.023926 0.861979 0.045898 0.081597
0 0.102051 0.875868 0.092773 0.081597
0 0.079102 0.960938 0.085938 0.078125
0 0.277344 0.884549 0.101562 0.085069
0 0.280762 0.958333 0.102539 0.079861
0 0.377930 0.889757 0.076172 0.081597
0 0.643555 0.973090 0.046875 0.050347
0 0.701172 0.974826 0.050781 0.046875
0 0.750977 0.973090 0.048828 0.050347
0 0.803711 0.973958 0.046875 0.048611
0 0.852051 0.966146 0.049805 0.067708
0 0.900391 0.980903 0.042969 0.038194
0 0.945801 0.981771 0.045898 0.036458
0 0.988770 0.979167 0.022461 0.041667
0 0.987305 0.796875 0.025391 0.065972
0 0.921387 0.798611 0.088867 0.072917
0 0.841309 0.802083 0.088867 0.079861
0 0.806641 0.666667 0.066406 0.111111
0 0.850586 0.666667 0.070312 0.118056
0 0.891602 0.661458 0.066406 0.107639
0 0.945801 0.672743 0.069336 0.098958
0 0.973633 0.660590 0.050781 0.109375
